Z = 1.909; u = 2 
r =

   0.0000 + 0.0000i
   0.0000 + 0.0000i
  -0.0826 - 1.1239i
  -0.0826 + 1.1239i

Z =0.5; u = 2
r =

   0.0000 + 0.0000i
   0.0000 + 0.0000i
   0.0073 - 0.2621i
   0.0073 + 0.2621i
   
Z = 5; u = 2  
r =

   0.0000 + 0.0000i
   0.0000 + 0.0000i
   0.0685 - 1.9101i
   0.0685 + 1.9101i